source dest
[(385, 353), (325, 327)] , [(465, 195), (413, 178)]
[(385, 353), (325, 327)] , [(465, 195), (413, 178)]
[(385, 353), (325, 327)] , [(465, 195), (413, 178)]
[(385, 353), (325, 327)] , [(465, 195), (413, 178)]
[(385, 353), (325, 327)] , [(465, 195), (413, 178)]
[(385, 353), (325, 327)] , [(465, 195), (413, 178)]
[(385, 353), (325, 327)] , [(465, 195), (413, 178)]
[(385, 353), (325, 327)] , [(465, 195), (413, 178)]
[(385, 353), (325, 327)] , [(465, 195), (413, 178)]
[(385, 353), (325, 327)] , [(465, 195), (413, 178)]
[(385, 353), (325, 327)] , [(465, 195), (413, 178)]
[(385, 353), (325, 327)] , [(465, 195), (413, 178)]
